# nurbs mesh v.2.1
#
# 27-Sep-2021
#
2 3 134 0 0 
PATCH 1 
1 1 
2 2 
0.000000000000000   0.000000000000000   1.000000000000000   1.000000000000000   
0.000000000000000   0.000000000000000   1.000000000000000   1.000000000000000   
0.478433172958281   0.478433172958281   0.553099839624947   0.553099839624947   
-0.032000000000000   0.034000000000000   -0.032000000000000   0.034000000000000   
-0.840000000000000   -0.840000000000000   -0.840000000000000   -0.840000000000000   
1.000000000000000   1.000000000000000   1.000000000000000   1.000000000000000   
PATCH 2 
1 1 
2 2 
0.000000000000000   0.000000000000000   1.000000000000000   1.000000000000000   
0.000000000000000   0.000000000000000   1.000000000000000   1.000000000000000   
0.553099839624947   0.553099839624947   0.627766506291614   0.627766506291614   
-0.032000000000000   0.034000000000000   -0.032000000000000   0.034000000000000   
-0.840000000000000   -0.840000000000000   -0.840000000000000   -0.840000000000000   
1.000000000000000   1.000000000000000   1.000000000000000   1.000000000000000   
PATCH 3 
1 1 
2 2 
0.000000000000000   0.000000000000000   1.000000000000000   1.000000000000000   
0.000000000000000   0.000000000000000   1.000000000000000   1.000000000000000   
0.627766506291614   0.627766506291614   0.702433172958281   0.702433172958281   
-0.032000000000000   0.034000000000000   -0.032000000000000   0.034000000000000   
-0.840000000000000   -0.840000000000000   -0.840000000000000   -0.840000000000000   
1.000000000000000   1.000000000000000   1.000000000000000   1.000000000000000   
PATCH 4 
1 1 
2 2 
0.000000000000000   0.000000000000000   1.000000000000000   1.000000000000000   
0.000000000000000   0.000000000000000   1.000000000000000   1.000000000000000   
0.478433172958281   0.553099839624947   0.603285168670537   0.667174630312331   
-0.032000000000000   -0.032000000000000   -0.032000000000000   -0.032000000000000   
-0.840000000000000   -0.840000000000000   -0.623750000000000   -0.642416666666667   
1.000000000000000   1.000000000000000   1.000000000000000   1.000000000000000   
PATCH 5 
1 1 
2 2 
0.000000000000000   0.000000000000000   1.000000000000000   1.000000000000000   
0.000000000000000   0.000000000000000   1.000000000000000   1.000000000000000   
0.553099839624947   0.627766506291614   0.667174630312331   0.731064091954125   
-0.032000000000000   -0.032000000000000   -0.032000000000000   -0.032000000000000   
-0.840000000000000   -0.840000000000000   -0.642416666666667   -0.661083333333333   
1.000000000000000   1.000000000000000   1.000000000000000   1.000000000000000   
PATCH 6 
1 1 
2 2 
0.000000000000000   0.000000000000000   1.000000000000000   1.000000000000000   
0.000000000000000   0.000000000000000   1.000000000000000   1.000000000000000   
0.627766506291614   0.702433172958281   0.731064091954125   0.794953553595918   
-0.032000000000000   -0.032000000000000   -0.032000000000000   -0.032000000000000   
-0.840000000000000   -0.840000000000000   -0.661083333333333   -0.679750000000000   
1.000000000000000   1.000000000000000   1.000000000000000   1.000000000000000   
PATCH 7 
1 1 
2 2 
0.000000000000000   0.000000000000000   1.000000000000000   1.000000000000000   
0.000000000000000   0.000000000000000   1.000000000000000   1.000000000000000   
0.702433172958281   0.702433172958281   0.794953553595918   0.794953553595918   
-0.032000000000000   0.034000000000000   -0.032000000000000   0.034000000000000   
-0.840000000000000   -0.840000000000000   -0.679750000000000   -0.679750000000000   
1.000000000000000   1.000000000000000   1.000000000000000   1.000000000000000   
PATCH 8 
1 1 
2 2 
0.000000000000000   0.000000000000000   1.000000000000000   1.000000000000000   
0.000000000000000   0.000000000000000   1.000000000000000   1.000000000000000   
0.702433172958281   0.627766506291614   0.794953553595918   0.731064091954125   
0.034000000000000   0.034000000000000   0.034000000000000   0.034000000000000   
-0.840000000000000   -0.840000000000000   -0.679750000000000   -0.661083333333333   
1.000000000000000   1.000000000000000   1.000000000000000   1.000000000000000   
PATCH 9 
1 1 
2 2 
0.000000000000000   0.000000000000000   1.000000000000000   1.000000000000000   
0.000000000000000   0.000000000000000   1.000000000000000   1.000000000000000   
0.627766506291614   0.553099839624947   0.731064091954125   0.667174630312331   
0.034000000000000   0.034000000000000   0.034000000000000   0.034000000000000   
-0.840000000000000   -0.840000000000000   -0.661083333333333   -0.642416666666667   
1.000000000000000   1.000000000000000   1.000000000000000   1.000000000000000   
PATCH 10 
1 1 
2 2 
0.000000000000000   0.000000000000000   1.000000000000000   1.000000000000000   
0.000000000000000   0.000000000000000   1.000000000000000   1.000000000000000   
0.553099839624947   0.478433172958281   0.667174630312331   0.603285168670537   
0.034000000000000   0.034000000000000   0.034000000000000   0.034000000000000   
-0.840000000000000   -0.840000000000000   -0.642416666666667   -0.623750000000000   
1.000000000000000   1.000000000000000   1.000000000000000   1.000000000000000   
PATCH 11 
1 1 
2 2 
0.000000000000000   0.000000000000000   1.000000000000000   1.000000000000000   
0.000000000000000   0.000000000000000   1.000000000000000   1.000000000000000   
0.478433172958281   0.603285168670537   0.478433172958281   0.603285168670537   
-0.032000000000000   -0.032000000000000   0.034000000000000   0.034000000000000   
-0.840000000000000   -0.623750000000000   -0.840000000000000   -0.623750000000000   
1.000000000000000   1.000000000000000   1.000000000000000   1.000000000000000   
PATCH 12 
1 1 
2 2 
0.000000000000000   0.000000000000000   1.000000000000000   1.000000000000000   
0.000000000000000   0.000000000000000   1.000000000000000   1.000000000000000   
0.603285168670537   0.667174630312331   0.665711166526666   0.724212025656023   
-0.032000000000000   -0.032000000000000   -0.032000000000000   -0.032000000000000   
-0.623750000000000   -0.642416666666667   -0.515625000000000   -0.543625000000000   
1.000000000000000   1.000000000000000   1.000000000000000   1.000000000000000   
PATCH 13 
1 1 
2 2 
0.000000000000000   0.000000000000000   1.000000000000000   1.000000000000000   
0.000000000000000   0.000000000000000   1.000000000000000   1.000000000000000   
0.667174630312331   0.731064091954125   0.724212025656023   0.782712884785380   
-0.032000000000000   -0.032000000000000   -0.032000000000000   -0.032000000000000   
-0.642416666666667   -0.661083333333333   -0.543625000000000   -0.571625000000000   
1.000000000000000   1.000000000000000   1.000000000000000   1.000000000000000   
PATCH 14 
1 1 
2 2 
0.000000000000000   0.000000000000000   1.000000000000000   1.000000000000000   
0.000000000000000   0.000000000000000   1.000000000000000   1.000000000000000   
0.731064091954125   0.794953553595918   0.782712884785380   0.841213743914737   
-0.032000000000000   -0.032000000000000   -0.032000000000000   -0.032000000000000   
-0.661083333333333   -0.679750000000000   -0.571625000000000   -0.599625000000000   
1.000000000000000   1.000000000000000   1.000000000000000   1.000000000000000   
PATCH 15 
1 1 
2 2 
0.000000000000000   0.000000000000000   1.000000000000000   1.000000000000000   
0.000000000000000   0.000000000000000   1.000000000000000   1.000000000000000   
0.794953553595918   0.794953553595918   0.841213743914737   0.841213743914737   
-0.032000000000000   0.034000000000000   -0.032000000000000   0.034000000000000   
-0.679750000000000   -0.679750000000000   -0.599625000000000   -0.599625000000000   
1.000000000000000   1.000000000000000   1.000000000000000   1.000000000000000   
PATCH 16 
1 1 
2 2 
0.000000000000000   0.000000000000000   1.000000000000000   1.000000000000000   
0.000000000000000   0.000000000000000   1.000000000000000   1.000000000000000   
0.794953553595918   0.731064091954125   0.841213743914737   0.782712884785380   
0.034000000000000   0.034000000000000   0.034000000000000   0.034000000000000   
-0.679750000000000   -0.661083333333333   -0.599625000000000   -0.571625000000000   
1.000000000000000   1.000000000000000   1.000000000000000   1.000000000000000   
PATCH 17 
1 1 
2 2 
0.000000000000000   0.000000000000000   1.000000000000000   1.000000000000000   
0.000000000000000   0.000000000000000   1.000000000000000   1.000000000000000   
0.731064091954125   0.667174630312331   0.782712884785380   0.724212025656023   
0.034000000000000   0.034000000000000   0.034000000000000   0.034000000000000   
-0.661083333333333   -0.642416666666667   -0.571625000000000   -0.543625000000000   
1.000000000000000   1.000000000000000   1.000000000000000   1.000000000000000   
PATCH 18 
1 1 
2 2 
0.000000000000000   0.000000000000000   1.000000000000000   1.000000000000000   
0.000000000000000   0.000000000000000   1.000000000000000   1.000000000000000   
0.667174630312331   0.603285168670537   0.724212025656023   0.665711166526666   
0.034000000000000   0.034000000000000   0.034000000000000   0.034000000000000   
-0.642416666666667   -0.623750000000000   -0.543625000000000   -0.515625000000000   
1.000000000000000   1.000000000000000   1.000000000000000   1.000000000000000   
PATCH 19 
1 1 
2 2 
0.000000000000000   0.000000000000000   1.000000000000000   1.000000000000000   
0.000000000000000   0.000000000000000   1.000000000000000   1.000000000000000   
0.603285168670537   0.665711166526666   0.603285168670537   0.665711166526666   
-0.032000000000000   -0.032000000000000   0.034000000000000   0.034000000000000   
-0.623750000000000   -0.515625000000000   -0.623750000000000   -0.515625000000000   
1.000000000000000   1.000000000000000   1.000000000000000   1.000000000000000   
PATCH 20 
1 1 
2 2 
0.000000000000000   0.000000000000000   1.000000000000000   1.000000000000000   
0.000000000000000   0.000000000000000   1.000000000000000   1.000000000000000   
0.665711166526666   0.724212025656023   0.725748473016235   0.780980104527103   
-0.032000000000000   -0.032000000000000   -0.032000000000000   -0.032000000000000   
-0.515625000000000   -0.543625000000000   -0.407500000000000   -0.444833333333333   
1.000000000000000   1.000000000000000   1.000000000000000   1.000000000000000   
PATCH 21 
1 1 
2 2 
0.000000000000000   0.000000000000000   1.000000000000000   1.000000000000000   
0.000000000000000   0.000000000000000   1.000000000000000   1.000000000000000   
0.724212025656023   0.782712884785380   0.780980104527103   0.834361677616635   
-0.032000000000000   -0.032000000000000   -0.032000000000000   -0.032000000000000   
-0.543625000000000   -0.571625000000000   -0.444833333333333   -0.482166666666667   
1.000000000000000   1.000000000000000   1.000000000000000   1.000000000000000   
PATCH 22 
1 1 
2 2 
0.000000000000000   0.000000000000000   1.000000000000000   1.000000000000000   
0.000000000000000   0.000000000000000   1.000000000000000   1.000000000000000   
0.782712884785380   0.841213743914737   0.834361677616635   0.887473934233556   
-0.032000000000000   -0.032000000000000   -0.032000000000000   -0.032000000000000   
-0.571625000000000   -0.599625000000000   -0.482166666666667   -0.519500000000000   
1.000000000000000   1.000000000000000   1.000000000000000   1.000000000000000   
PATCH 23 
1 1 
2 2 
0.000000000000000   0.000000000000000   1.000000000000000   1.000000000000000   
0.000000000000000   0.000000000000000   1.000000000000000   1.000000000000000   
0.841213743914737   0.841213743914737   0.887473934233556   0.887473934233556   
-0.032000000000000   0.034000000000000   -0.032000000000000   0.034000000000000   
-0.599625000000000   -0.599625000000000   -0.519500000000000   -0.519500000000000   
1.000000000000000   1.000000000000000   1.000000000000000   1.000000000000000   
PATCH 24 
1 1 
2 2 
0.000000000000000   0.000000000000000   1.000000000000000   1.000000000000000   
0.000000000000000   0.000000000000000   1.000000000000000   1.000000000000000   
0.841213743914737   0.782712884785380   0.887473934233556   0.834361677616635   
0.034000000000000   0.034000000000000   0.034000000000000   0.034000000000000   
-0.599625000000000   -0.571625000000000   -0.519500000000000   -0.482166666666667   
1.000000000000000   1.000000000000000   1.000000000000000   1.000000000000000   
PATCH 25 
1 1 
2 2 
0.000000000000000   0.000000000000000   1.000000000000000   1.000000000000000   
0.000000000000000   0.000000000000000   1.000000000000000   1.000000000000000   
0.782712884785380   0.724212025656023   0.834361677616635   0.780980104527103   
0.034000000000000   0.034000000000000   0.034000000000000   0.034000000000000   
-0.571625000000000   -0.543625000000000   -0.482166666666667   -0.444833333333333   
1.000000000000000   1.000000000000000   1.000000000000000   1.000000000000000   
PATCH 26 
1 1 
2 2 
0.000000000000000   0.000000000000000   1.000000000000000   1.000000000000000   
0.000000000000000   0.000000000000000   1.000000000000000   1.000000000000000   
0.724212025656023   0.665711166526666   0.780980104527103   0.725748473016235   
0.034000000000000   0.034000000000000   0.034000000000000   0.034000000000000   
-0.543625000000000   -0.515625000000000   -0.444833333333333   -0.407500000000000   
1.000000000000000   1.000000000000000   1.000000000000000   1.000000000000000   
PATCH 27 
1 1 
2 2 
0.000000000000000   0.000000000000000   1.000000000000000   1.000000000000000   
0.000000000000000   0.000000000000000   1.000000000000000   1.000000000000000   
0.665711166526666   0.725748473016235   0.665711166526666   0.725748473016235   
-0.032000000000000   -0.032000000000000   0.034000000000000   0.034000000000000   
-0.515625000000000   -0.407500000000000   -0.515625000000000   -0.407500000000000   
1.000000000000000   1.000000000000000   1.000000000000000   1.000000000000000   
PATCH 28 
2 1 
3 2 
0.000000000000000   0.000000000000000   0.000000000000000   1.000000000000000   1.000000000000000   1.000000000000000   
0.000000000000000   0.000000000000000   1.000000000000000   1.000000000000000   
0.725748473016235   0.737630368184660   0.748776773535093   0.725748473016235   0.737630368184660   0.748776773535093   
-0.032000000000000   -0.031982866799244   -0.032000000000000   0.034000000000000   0.033981795974196   0.034000000000000   
-0.407500000000000   -0.384188340513188   -0.360465282528486   -0.407500000000000   -0.384188340513188   -0.360465282528486   
1.000000000000000   0.999464587476366   1.000000000000000   1.000000000000000   0.999464587476366   1.000000000000000   
PATCH 29 
1 2 
2 3 
0.000000000000000   0.000000000000000   1.000000000000000   1.000000000000000   
0.000000000000000   0.000000000000000   0.000000000000000   1.000000000000000   1.000000000000000   1.000000000000000   
0.725748473016235   0.780980104527103   0.737630368184660   0.794715692520609   0.748776773535093   0.807629294262862   
-0.032000000000000   -0.032000000000000   -0.031982866799244   -0.031982866799244   -0.032000000000000   -0.032000000000000   
-0.407500000000000   -0.444833333333333   -0.384188340513188   -0.419385963529529   -0.360465282528486   -0.393489504731505   
1.000000000000000   1.000000000000000   0.999464587476366   0.999464587476366   1.000000000000000   1.000000000000000   
PATCH 30 
1 2 
2 3 
0.000000000000000   0.000000000000000   1.000000000000000   1.000000000000000   
0.000000000000000   0.000000000000000   0.000000000000000   1.000000000000000   1.000000000000000   1.000000000000000   
0.780980104527103   0.834361677616635   0.794715692520609   0.849868730431671   0.807629294262862   0.864727074665850   
-0.032000000000000   -0.032000000000000   -0.031982866799244   -0.031982866799244   -0.032000000000000   -0.032000000000000   
-0.444833333333333   -0.482166666666667   -0.419385963529529   -0.454583586545870   -0.393489504731505   -0.426513726934524   
1.000000000000000   1.000000000000000   0.999464587476366   0.999464587476366   1.000000000000000   1.000000000000000   
PATCH 31 
1 2 
2 3 
0.000000000000000   0.000000000000000   1.000000000000000   1.000000000000000   
0.000000000000000   0.000000000000000   0.000000000000000   1.000000000000000   1.000000000000000   1.000000000000000   
0.834361677616635   0.887473934233556   0.849868730431671   0.904073115218129   0.864727074665850   0.920011901831324   
-0.032000000000000   -0.032000000000000   -0.031982866799244   -0.031982866799244   -0.032000000000000   -0.032000000000000   
-0.482166666666667   -0.519500000000000   -0.454583586545870   -0.489781209562212   -0.426513726934524   -0.459537949137542   
1.000000000000000   1.000000000000000   0.999464587476366   0.999464587476366   1.000000000000000   1.000000000000000   
PATCH 32 
1 2 
2 3 
0.000000000000000   0.000000000000000   1.000000000000000   1.000000000000000   
0.000000000000000   0.000000000000000   0.000000000000000   1.000000000000000   1.000000000000000   1.000000000000000   
0.887473934233556   0.887473934233556   0.904073115218129   0.904073115218129   0.920011901831324   0.920011901831324   
-0.032000000000000   0.034000000000000   -0.031982866799244   0.033981795974196   -0.032000000000000   0.034000000000000   
-0.519500000000000   -0.519500000000000   -0.489781209562212   -0.489781209562212   -0.459537949137542   -0.459537949137542   
1.000000000000000   1.000000000000000   0.999464587476366   0.999464587476366   1.000000000000000   1.000000000000000   
PATCH 33 
2 1 
3 2 
0.000000000000000   0.000000000000000   0.000000000000000   1.000000000000000   1.000000000000000   1.000000000000000   
0.000000000000000   0.000000000000000   1.000000000000000   1.000000000000000   
0.725748473016235   0.737630368184660   0.748776773535093   0.780980104527103   0.794715692520609   0.807629294262862   
0.034000000000000   0.033981795974196   0.034000000000000   0.034000000000000   0.033981795974196   0.034000000000000   
-0.407500000000000   -0.384188340513188   -0.360465282528486   -0.444833333333333   -0.419385963529529   -0.393489504731505   
1.000000000000000   0.999464587476366   1.000000000000000   1.000000000000000   0.999464587476366   1.000000000000000   
PATCH 34 
2 1 
3 2 
0.000000000000000   0.000000000000000   0.000000000000000   1.000000000000000   1.000000000000000   1.000000000000000   
0.000000000000000   0.000000000000000   1.000000000000000   1.000000000000000   
0.780980104527103   0.794715692520609   0.807629294262862   0.834361677616635   0.849868730431671   0.864727074665850   
0.034000000000000   0.033981795974196   0.034000000000000   0.034000000000000   0.033981795974196   0.034000000000000   
-0.444833333333333   -0.419385963529529   -0.393489504731505   -0.482166666666667   -0.454583586545870   -0.426513726934524   
1.000000000000000   0.999464587476366   1.000000000000000   1.000000000000000   0.999464587476366   1.000000000000000   
PATCH 35 
2 1 
3 2 
0.000000000000000   0.000000000000000   0.000000000000000   1.000000000000000   1.000000000000000   1.000000000000000   
0.000000000000000   0.000000000000000   1.000000000000000   1.000000000000000   
0.834361677616635   0.849868730431671   0.864727074665850   0.887473934233556   0.904073115218129   0.920011901831324   
0.034000000000000   0.033981795974196   0.034000000000000   0.034000000000000   0.033981795974196   0.034000000000000   
-0.482166666666667   -0.454583586545870   -0.426513726934524   -0.519500000000000   -0.489781209562212   -0.459537949137542   
1.000000000000000   0.999464587476366   1.000000000000000   1.000000000000000   0.999464587476366   1.000000000000000   
PATCH 36 
2 1 
3 2 
0.000000000000000   0.000000000000000   0.000000000000000   1.000000000000000   1.000000000000000   1.000000000000000   
0.000000000000000   0.000000000000000   1.000000000000000   1.000000000000000   
0.748776773535093   0.759161191870755   0.768779572019112   0.748776773535093   0.759161191870755   0.768779572019112   
-0.032000000000000   -0.031982866799244   -0.032000000000000   0.034000000000000   0.033981795974196   0.034000000000000   
-0.360465282528486   -0.336356229290582   -0.311886997377548   -0.360465282528486   -0.336356229290582   -0.311886997377548   
1.000000000000000   0.999464587476366   1.000000000000000   1.000000000000000   0.999464587476366   1.000000000000000   
PATCH 37 
1 2 
2 3 
0.000000000000000   0.000000000000000   1.000000000000000   1.000000000000000   
0.000000000000000   0.000000000000000   0.000000000000000   1.000000000000000   1.000000000000000   1.000000000000000   
0.748776773535093   0.807629294262862   0.759161191870755   0.819694628619610   0.768779572019112   0.830907862572408   
-0.032000000000000   -0.032000000000000   -0.031982866799244   -0.031982866799244   -0.032000000000000   -0.032000000000000   
-0.360465282528486   -0.393489504731505   -0.336356229290582   -0.367171687515976   -0.311886997377548   -0.340460693660808   
1.000000000000000   1.000000000000000   0.999464587476366   0.999464587476366   1.000000000000000   1.000000000000000   
PATCH 38 
1 2 
2 3 
0.000000000000000   0.000000000000000   1.000000000000000   1.000000000000000   
0.000000000000000   0.000000000000000   0.000000000000000   1.000000000000000   1.000000000000000   1.000000000000000   
0.807629294262862   0.864727074665850   0.819694628619610   0.878638978569582   0.830907862572408   0.891602398400673   
-0.032000000000000   -0.032000000000000   -0.031982866799244   -0.031982866799244   -0.032000000000000   -0.032000000000000   
-0.393489504731505   -0.426513726934523   -0.367171687515976   -0.397987145741371   -0.340460693660808   -0.369034389944068   
1.000000000000000   1.000000000000000   0.999464587476366   0.999464587476366   1.000000000000000   1.000000000000000   
PATCH 39 
1 2 
2 3 
0.000000000000000   0.000000000000000   1.000000000000000   1.000000000000000   
0.000000000000000   0.000000000000000   0.000000000000000   1.000000000000000   1.000000000000000   1.000000000000000   
0.864727074665850   0.920011901831324   0.878638978569582   0.935950495921106   0.891602398400673   0.950830707938615   
-0.032000000000000   -0.032000000000000   -0.031982866799244   -0.031982866799244   -0.032000000000000   -0.032000000000000   
-0.426513726934523   -0.459537949137542   -0.397987145741371   -0.428802603966766   -0.369034389944068   -0.397608086227328   
1.000000000000000   1.000000000000000   0.999464587476366   0.999464587476366   1.000000000000000   1.000000000000000   
PATCH 40 
1 2 
2 3 
0.000000000000000   0.000000000000000   1.000000000000000   1.000000000000000   
0.000000000000000   0.000000000000000   0.000000000000000   1.000000000000000   1.000000000000000   1.000000000000000   
0.920011901831324   0.920011901831324   0.935950495921106   0.935950495921106   0.950830707938615   0.950830707938615   
-0.032000000000000   0.034000000000000   -0.031982866799244   0.033981795974196   -0.032000000000000   0.034000000000000   
-0.459537949137542   -0.459537949137542   -0.428802603966766   -0.428802603966766   -0.397608086227328   -0.397608086227328   
1.000000000000000   1.000000000000000   0.999464587476366   0.999464587476366   1.000000000000000   1.000000000000000   
PATCH 41 
2 1 
3 2 
0.000000000000000   0.000000000000000   0.000000000000000   1.000000000000000   1.000000000000000   1.000000000000000   
0.000000000000000   0.000000000000000   1.000000000000000   1.000000000000000   
0.748776773535093   0.759161191870755   0.768779572019112   0.807629294262862   0.819694628619610   0.830907862572408   
0.034000000000000   0.033981795974196   0.034000000000000   0.034000000000000   0.033981795974196   0.034000000000000   
-0.360465282528486   -0.336356229290582   -0.311886997377548   -0.393489504731505   -0.367171687515976   -0.340460693660808   
1.000000000000000   0.999464587476366   1.000000000000000   1.000000000000000   0.999464587476366   1.000000000000000   
PATCH 42 
2 1 
3 2 
0.000000000000000   0.000000000000000   0.000000000000000   1.000000000000000   1.000000000000000   1.000000000000000   
0.000000000000000   0.000000000000000   1.000000000000000   1.000000000000000   
0.807629294262862   0.819694628619610   0.830907862572408   0.864727074665850   0.878638978569582   0.891602398400673   
0.034000000000000   0.033981795974196   0.034000000000000   0.034000000000000   0.033981795974196   0.034000000000000   
-0.393489504731505   -0.367171687515976   -0.340460693660808   -0.426513726934523   -0.397987145741371   -0.369034389944068   
1.000000000000000   0.999464587476366   1.000000000000000   1.000000000000000   0.999464587476366   1.000000000000000   
PATCH 43 
2 1 
3 2 
0.000000000000000   0.000000000000000   0.000000000000000   1.000000000000000   1.000000000000000   1.000000000000000   
0.000000000000000   0.000000000000000   1.000000000000000   1.000000000000000   
0.864727074665850   0.878638978569582   0.891602398400673   0.920011901831324   0.935950495921106   0.950830707938615   
0.034000000000000   0.033981795974196   0.034000000000000   0.034000000000000   0.033981795974196   0.034000000000000   
-0.426513726934523   -0.397987145741371   -0.369034389944068   -0.459537949137542   -0.428802603966766   -0.397608086227328   
1.000000000000000   0.999464587476366   1.000000000000000   1.000000000000000   0.999464587476366   1.000000000000000   
PATCH 44 
2 1 
3 2 
0.000000000000000   0.000000000000000   0.000000000000000   1.000000000000000   1.000000000000000   1.000000000000000   
0.000000000000000   0.000000000000000   1.000000000000000   1.000000000000000   
0.768779572019112   0.785632153491837   0.799268837796452   0.768779572019112   0.785632153491837   0.799268837796452   
-0.032000000000000   -0.031931485543635   -0.032000000000000   0.034000000000000   0.033927203390113   0.034000000000000   
-0.311886997377548   -0.261973164222077   -0.210937521758554   -0.311886997377548   -0.261973164222077   -0.210937521758554   
1.000000000000000   0.997858923238603   1.000000000000000   1.000000000000000   0.997858923238603   1.000000000000000   
PATCH 45 
1 2 
2 3 
0.000000000000000   0.000000000000000   1.000000000000000   1.000000000000000   
0.000000000000000   0.000000000000000   0.000000000000000   1.000000000000000   1.000000000000000   1.000000000000000   
0.768779572019112   0.830907862572408   0.785632153491837   0.850692891963405   0.799268837796452   0.866920765316682   
-0.032000000000000   -0.032000000000000   -0.031931485543635   -0.031931485543635   -0.032000000000000   -0.032000000000000   
-0.311886997377548   -0.340460693660808   -0.261973164222077   -0.285973977631379   -0.210937521758554   -0.230262677126209   
1.000000000000000   1.000000000000000   0.997858923238603   0.997858923238603   1.000000000000000   1.000000000000000   
PATCH 46 
1 2 
2 3 
0.000000000000000   0.000000000000000   1.000000000000000   1.000000000000000   
0.000000000000000   0.000000000000000   0.000000000000000   1.000000000000000   1.000000000000000   1.000000000000000   
0.830907862572408   0.891602398400672   0.850692891963405   0.914604882212608   0.866920765316682   0.933682066981655   
-0.032000000000000   -0.032000000000000   -0.031931485543635   -0.031931485543635   -0.032000000000000   -0.032000000000000   
-0.340460693660808   -0.369034389944068   -0.285973977631379   -0.309974791040682   -0.230262677126209   -0.249587832493864   
1.000000000000000   1.000000000000000   0.997858923238603   0.997858923238603   1.000000000000000   1.000000000000000   
PATCH 47 
1 2 
2 3 
0.000000000000000   0.000000000000000   1.000000000000000   1.000000000000000   
0.000000000000000   0.000000000000000   0.000000000000000   1.000000000000000   1.000000000000000   1.000000000000000   
0.891602398400672   0.950830707938615   0.914604882212608   0.977351123434299   0.933682066981655   0.999544710222996   
-0.032000000000000   -0.032000000000000   -0.031931485543635   -0.031931485543635   -0.032000000000000   -0.032000000000000   
-0.369034389944068   -0.397608086227328   -0.309974791040682   -0.333975604449985   -0.249587832493864   -0.268912987861519   
1.000000000000000   1.000000000000000   0.997858923238603   0.997858923238603   1.000000000000000   1.000000000000000   
PATCH 48 
1 2 
2 3 
0.000000000000000   0.000000000000000   1.000000000000000   1.000000000000000   
0.000000000000000   0.000000000000000   0.000000000000000   1.000000000000000   1.000000000000000   1.000000000000000   
0.950830707938615   0.950830707938615   0.977351123434299   0.977351123434299   0.999544710222996   0.999544710222996   
-0.032000000000000   0.034000000000000   -0.031931485543635   0.033927203390113   -0.032000000000000   0.034000000000000   
-0.397608086227328   -0.397608086227328   -0.333975604449985   -0.333975604449985   -0.268912987861519   -0.268912987861519   
1.000000000000000   1.000000000000000   0.997858923238603   0.997858923238603   1.000000000000000   1.000000000000000   
PATCH 49 
2 1 
3 2 
0.000000000000000   0.000000000000000   0.000000000000000   1.000000000000000   1.000000000000000   1.000000000000000   
0.000000000000000   0.000000000000000   1.000000000000000   1.000000000000000   
0.768779572019112   0.785632153491837   0.799268837796452   0.830907862572408   0.850692891963405   0.866920765316682   
0.034000000000000   0.033927203390113   0.034000000000000   0.034000000000000   0.033927203390113   0.034000000000000   
-0.311886997377548   -0.261973164222077   -0.210937521758554   -0.340460693660808   -0.285973977631379   -0.230262677126209   
1.000000000000000   0.997858923238603   1.000000000000000   1.000000000000000   0.997858923238603   1.000000000000000   
PATCH 50 
2 1 
3 2 
0.000000000000000   0.000000000000000   0.000000000000000   1.000000000000000   1.000000000000000   1.000000000000000   
0.000000000000000   0.000000000000000   1.000000000000000   1.000000000000000   
0.830907862572408   0.850692891963405   0.866920765316682   0.891602398400672   0.914604882212608   0.933682066981655   
0.034000000000000   0.033927203390113   0.034000000000000   0.034000000000000   0.033927203390113   0.034000000000000   
-0.340460693660808   -0.285973977631379   -0.230262677126209   -0.369034389944068   -0.309974791040682   -0.249587832493864   
1.000000000000000   0.997858923238603   1.000000000000000   1.000000000000000   0.997858923238603   1.000000000000000   
PATCH 51 
2 1 
3 2 
0.000000000000000   0.000000000000000   0.000000000000000   1.000000000000000   1.000000000000000   1.000000000000000   
0.000000000000000   0.000000000000000   1.000000000000000   1.000000000000000   
0.891602398400672   0.914604882212608   0.933682066981655   0.950830707938615   0.977351123434299   0.999544710222996   
0.034000000000000   0.033927203390113   0.034000000000000   0.034000000000000   0.033927203390112   0.034000000000000   
-0.369034389944068   -0.309974791040682   -0.249587832493864   -0.397608086227328   -0.333975604449985   -0.268912987861519   
1.000000000000000   0.997858923238603   1.000000000000000   1.000000000000000   0.997858923238603   1.000000000000000   
PATCH 52 
2 1 
3 2 
0.000000000000000   0.000000000000000   0.000000000000000   1.000000000000000   1.000000000000000   1.000000000000000   
0.000000000000000   0.000000000000000   1.000000000000000   1.000000000000000   
0.799268837796452   0.809565008884898   0.816497513555437   0.799268837796452   0.809565008884898   0.816497513555437   
-0.032000000000000   -0.031931485543635   -0.032000000000000   0.034000000000000   0.033927203390113   0.034000000000000   
-0.210937521758554   -0.158998612443145   -0.106378846659342   -0.210937521758554   -0.158998612443145   -0.106378846659342   
1.000000000000000   0.997858923238603   1.000000000000000   1.000000000000000   0.997858923238603   1.000000000000000   
PATCH 53 
1 2 
2 3 
0.000000000000000   0.000000000000000   1.000000000000000   1.000000000000000   
0.000000000000000   0.000000000000000   0.000000000000000   1.000000000000000   1.000000000000000   1.000000000000000   
0.799268837796452   0.866920765316682   0.809565008884898   0.879469417822789   0.816497513555437   0.888318942570541   
-0.032000000000000   -0.032000000000000   -0.031931485543635   -0.031931485543635   -0.032000000000000   -0.032000000000000   
-0.210937521758554   -0.230262677126209   -0.158998612443145   -0.173565356487015   -0.106378846659342   -0.116124802345106   
1.000000000000000   1.000000000000000   0.997858923238603   0.997858923238603   1.000000000000000   1.000000000000000   
PATCH 54 
1 2 
2 3 
0.000000000000000   0.000000000000000   1.000000000000000   1.000000000000000   
0.000000000000000   0.000000000000000   0.000000000000000   1.000000000000000   1.000000000000000   1.000000000000000   
0.866920765316682   0.933682066981655   0.879469417822789   0.948721638198490   0.888318942570541   0.959712833084260   
-0.032000000000000   -0.032000000000000   -0.031931485543635   -0.031931485543635   -0.032000000000000   -0.032000000000000   
-0.230262677126209   -0.249587832493864   -0.173565356487015   -0.188132100530886   -0.116124802345106   -0.125870758030870   
1.000000000000000   1.000000000000000   0.997858923238603   0.997858923238603   1.000000000000000   1.000000000000000   
PATCH 55 
1 2 
2 3 
0.000000000000000   0.000000000000000   1.000000000000000   1.000000000000000   
0.000000000000000   0.000000000000000   0.000000000000000   1.000000000000000   1.000000000000000   1.000000000000000   
0.933682066981655   0.999544710222996   0.948721638198490   1.017318483459999   0.959712833084260   1.030678281074730   
-0.032000000000000   -0.032000000000000   -0.031931485543635   -0.031931485543635   -0.032000000000000   -0.032000000000000   
-0.249587832493864   -0.268912987861519   -0.188132100530886   -0.202698844574757   -0.125870758030870   -0.135616713716634   
1.000000000000000   1.000000000000000   0.997858923238603   0.997858923238603   1.000000000000000   1.000000000000000   
PATCH 56 
1 2 
2 3 
0.000000000000000   0.000000000000000   1.000000000000000   1.000000000000000   
0.000000000000000   0.000000000000000   0.000000000000000   1.000000000000000   1.000000000000000   1.000000000000000   
0.999544710222996   0.999544710222996   1.017318483459999   1.017318483459999   1.030678281074730   1.030678281074730   
-0.032000000000000   0.034000000000000   -0.031931485543635   0.033927203390113   -0.032000000000000   0.034000000000000   
-0.268912987861519   -0.268912987861519   -0.202698844574757   -0.202698844574757   -0.135616713716634   -0.135616713716634   
1.000000000000000   1.000000000000000   0.997858923238603   0.997858923238603   1.000000000000000   1.000000000000000   
PATCH 57 
2 1 
3 2 
0.000000000000000   0.000000000000000   0.000000000000000   1.000000000000000   1.000000000000000   1.000000000000000   
0.000000000000000   0.000000000000000   1.000000000000000   1.000000000000000   
0.799268837796452   0.809565008884898   0.816497513555437   0.866920765316682   0.879469417822789   0.888318942570541   
0.034000000000000   0.033927203390113   0.034000000000000   0.034000000000000   0.033927203390113   0.034000000000000   
-0.210937521758554   -0.158998612443145   -0.106378846659342   -0.230262677126209   -0.173565356487015   -0.116124802345106   
1.000000000000000   0.997858923238603   1.000000000000000   1.000000000000000   0.997858923238603   1.000000000000000   
PATCH 58 
2 1 
3 2 
0.000000000000000   0.000000000000000   0.000000000000000   1.000000000000000   1.000000000000000   1.000000000000000   
0.000000000000000   0.000000000000000   1.000000000000000   1.000000000000000   
0.866920765316682   0.879469417822789   0.888318942570541   0.933682066981655   0.948721638198490   0.959712833084260   
0.034000000000000   0.033927203390113   0.034000000000000   0.034000000000000   0.033927203390113   0.034000000000000   
-0.230262677126209   -0.173565356487015   -0.116124802345106   -0.249587832493864   -0.188132100530886   -0.125870758030870   
1.000000000000000   0.997858923238603   1.000000000000000   1.000000000000000   0.997858923238603   1.000000000000000   
PATCH 59 
2 1 
3 2 
0.000000000000000   0.000000000000000   0.000000000000000   1.000000000000000   1.000000000000000   1.000000000000000   
0.000000000000000   0.000000000000000   1.000000000000000   1.000000000000000   
0.933682066981655   0.948721638198490   0.959712833084260   0.999544710222996   1.017318483459999   1.030678281074730   
0.034000000000000   0.033927203390113   0.034000000000000   0.034000000000000   0.033927203390113   0.034000000000000   
-0.249587832493864   -0.188132100530886   -0.125870758030870   -0.268912987861519   -0.202698844574757   -0.135616713716634   
1.000000000000000   0.997858923238603   1.000000000000000   1.000000000000000   0.997858923238603   1.000000000000000   
PATCH 60 
2 1 
3 2 
0.000000000000000   0.000000000000000   0.000000000000000   1.000000000000000   1.000000000000000   1.000000000000000   
0.000000000000000   0.000000000000000   1.000000000000000   1.000000000000000   
0.816497513555437   0.819973197918757   0.820000000000000   0.816497513555437   0.819973197918757   0.820000000000000   
-0.032000000000000   -0.031931485543635   -0.032000000000000   0.034000000000000   0.033927203390113   0.034000000000000   
-0.106378846659342   -0.053303550322567   0.000000000000000   -0.106378846659342   -0.053303550322567   0.000000000000000   
1.000000000000000   0.997858923238603   1.000000000000000   1.000000000000000   0.997858923238603   1.000000000000000   
PATCH 61 
1 2 
2 3 
0.000000000000000   0.000000000000000   1.000000000000000   1.000000000000000   
0.000000000000000   0.000000000000000   0.000000000000000   1.000000000000000   1.000000000000000   1.000000000000000   
0.816497513555437   0.888318942570541   0.819973197918757   0.893380316526511   0.820000000000000   0.894666666666667   
-0.032000000000000   -0.032000000000000   -0.031931485543635   -0.031931485543635   -0.032000000000000   -0.032000000000000   
-0.106378846659342   -0.116124802345106   -0.053303550322567   -0.058186983971751   0.000000000000000   -0.000000000000000   
1.000000000000000   1.000000000000000   0.997858923238603   0.997858923238603   1.000000000000000   1.000000000000000   
PATCH 62 
1 2 
2 3 
0.000000000000000   0.000000000000000   1.000000000000000   1.000000000000000   
0.000000000000000   0.000000000000000   0.000000000000000   1.000000000000000   1.000000000000000   1.000000000000000   
0.888318942570541   0.959712833084260   0.893380316526511   0.966575791801406   0.894666666666667   0.969333333333333   
-0.032000000000000   -0.032000000000000   -0.031931485543635   -0.031931485543635   -0.032000000000000   -0.032000000000000   
-0.116124802345106   -0.125870758030870   -0.058186983971751   -0.063070417620935   -0.000000000000000   -0.000000000000000   
1.000000000000000   1.000000000000000   0.997858923238603   0.997858923238603   1.000000000000000   1.000000000000000   
PATCH 63 
1 2 
2 3 
0.000000000000000   0.000000000000000   1.000000000000000   1.000000000000000   
0.000000000000000   0.000000000000000   0.000000000000000   1.000000000000000   1.000000000000000   1.000000000000000   
0.959712833084260   1.030678281074730   0.966575791801406   1.039559513626999   0.969333333333333   1.044000000000000   
-0.032000000000000   -0.032000000000000   -0.031931485543635   -0.031931485543635   -0.032000000000000   -0.032000000000000   
-0.125870758030870   -0.135616713716634   -0.063070417620935   -0.067953851270119   -0.000000000000000   -0.000000000000000   
1.000000000000000   1.000000000000000   0.997858923238603   0.997858923238603   1.000000000000000   1.000000000000000   
PATCH 64 
1 2 
2 3 
0.000000000000000   0.000000000000000   1.000000000000000   1.000000000000000   
0.000000000000000   0.000000000000000   0.000000000000000   1.000000000000000   1.000000000000000   1.000000000000000   
1.030678281074730   1.030678281074730   1.039559513626999   1.039559513626999   1.044000000000000   1.044000000000000   
-0.032000000000000   0.034000000000000   -0.031931485543635   0.033927203390113   -0.032000000000000   0.034000000000000   
-0.135616713716634   -0.135616713716634   -0.067953851270119   -0.067953851270119   -0.000000000000000   -0.000000000000000   
1.000000000000000   1.000000000000000   0.997858923238603   0.997858923238603   1.000000000000000   1.000000000000000   
PATCH 65 
2 1 
3 2 
0.000000000000000   0.000000000000000   0.000000000000000   1.000000000000000   1.000000000000000   1.000000000000000   
0.000000000000000   0.000000000000000   1.000000000000000   1.000000000000000   
0.816497513555437   0.819973197918757   0.820000000000000   0.888318942570541   0.893380316526511   0.894666666666667   
0.034000000000000   0.033927203390113   0.034000000000000   0.034000000000000   0.033927203390113   0.034000000000000   
-0.106378846659342   -0.053303550322567   0.000000000000000   -0.116124802345106   -0.058186983971751   -0.000000000000000   
1.000000000000000   0.997858923238603   1.000000000000000   1.000000000000000   0.997858923238603   1.000000000000000   
PATCH 66 
2 1 
3 2 
0.000000000000000   0.000000000000000   0.000000000000000   1.000000000000000   1.000000000000000   1.000000000000000   
0.000000000000000   0.000000000000000   1.000000000000000   1.000000000000000   
0.888318942570541   0.893380316526511   0.894666666666667   0.959712833084260   0.966575791801406   0.969333333333333   
0.034000000000000   0.033927203390113   0.034000000000000   0.034000000000000   0.033927203390113   0.034000000000000   
-0.116124802345106   -0.058186983971751   -0.000000000000000   -0.125870758030870   -0.063070417620935   -0.000000000000000   
1.000000000000000   0.997858923238603   1.000000000000000   1.000000000000000   0.997858923238603   1.000000000000000   
PATCH 67 
2 1 
3 2 
0.000000000000000   0.000000000000000   0.000000000000000   1.000000000000000   1.000000000000000   1.000000000000000   
0.000000000000000   0.000000000000000   1.000000000000000   1.000000000000000   
0.959712833084260   0.966575791801406   0.969333333333333   1.030678281074730   1.039559513626999   1.044000000000000   
0.034000000000000   0.033927203390113   0.034000000000000   0.034000000000000   0.033927203390113   0.034000000000000   
-0.125870758030870   -0.063070417620935   -0.000000000000000   -0.135616713716634   -0.067953851270119   -0.000000000000000   
1.000000000000000   0.997858923238603   1.000000000000000   1.000000000000000   0.997858923238603   1.000000000000000   
PATCH 68 
2 1 
3 2 
0.000000000000000   0.000000000000000   0.000000000000000   1.000000000000000   1.000000000000000   1.000000000000000   
0.000000000000000   0.000000000000000   1.000000000000000   1.000000000000000   
0.820000000000000   0.819973197918757   0.816497513555437   0.820000000000000   0.819973197918757   0.816497513555437   
-0.032000000000000   -0.031931485543635   -0.032000000000000   0.034000000000000   0.033927203390113   0.034000000000000   
-0.000000000000000   0.053303550322567   0.106378846659342   -0.000000000000000   0.053303550322567   0.106378846659342   
1.000000000000000   0.997858923238603   1.000000000000000   1.000000000000000   0.997858923238603   1.000000000000000   
PATCH 69 
1 2 
2 3 
0.000000000000000   0.000000000000000   1.000000000000000   1.000000000000000   
0.000000000000000   0.000000000000000   0.000000000000000   1.000000000000000   1.000000000000000   1.000000000000000   
0.820000000000000   0.894666666666667   0.819973197918757   0.893380316526511   0.816497513555437   0.888318942570541   
-0.032000000000000   -0.032000000000000   -0.031931485543635   -0.031931485543635   -0.032000000000000   -0.032000000000000   
-0.000000000000000   0.000000000000000   0.053303550322567   0.058186983971751   0.106378846659342   0.116124802345106   
1.000000000000000   1.000000000000000   0.997858923238603   0.997858923238603   1.000000000000000   1.000000000000000   
PATCH 70 
1 2 
2 3 
0.000000000000000   0.000000000000000   1.000000000000000   1.000000000000000   
0.000000000000000   0.000000000000000   0.000000000000000   1.000000000000000   1.000000000000000   1.000000000000000   
0.894666666666667   0.969333333333333   0.893380316526511   0.966575791801406   0.888318942570541   0.959712833084260   
-0.032000000000000   -0.032000000000000   -0.031931485543635   -0.031931485543635   -0.032000000000000   -0.032000000000000   
0.000000000000000   0.000000000000000   0.058186983971751   0.063070417620935   0.116124802345106   0.125870758030870   
1.000000000000000   1.000000000000000   0.997858923238603   0.997858923238603   1.000000000000000   1.000000000000000   
PATCH 71 
1 2 
2 3 
0.000000000000000   0.000000000000000   1.000000000000000   1.000000000000000   
0.000000000000000   0.000000000000000   0.000000000000000   1.000000000000000   1.000000000000000   1.000000000000000   
0.969333333333333   1.044000000000000   0.966575791801406   1.039559513626999   0.959712833084260   1.030678281074730   
-0.032000000000000   -0.032000000000000   -0.031931485543635   -0.031931485543635   -0.032000000000000   -0.032000000000000   
0.000000000000000   0.000000000000000   0.063070417620935   0.067953851270119   0.125870758030870   0.135616713716634   
1.000000000000000   1.000000000000000   0.997858923238603   0.997858923238603   1.000000000000000   1.000000000000000   
PATCH 72 
1 2 
2 3 
0.000000000000000   0.000000000000000   1.000000000000000   1.000000000000000   
0.000000000000000   0.000000000000000   0.000000000000000   1.000000000000000   1.000000000000000   1.000000000000000   
1.044000000000000   1.044000000000000   1.039559513626999   1.039559513626999   1.030678281074730   1.030678281074730   
-0.032000000000000   0.034000000000000   -0.031931485543635   0.033927203390113   -0.032000000000000   0.034000000000000   
0.000000000000000   0.000000000000000   0.067953851270119   0.067953851270119   0.135616713716634   0.135616713716634   
1.000000000000000   1.000000000000000   0.997858923238603   0.997858923238603   1.000000000000000   1.000000000000000   
PATCH 73 
2 1 
3 2 
0.000000000000000   0.000000000000000   0.000000000000000   1.000000000000000   1.000000000000000   1.000000000000000   
0.000000000000000   0.000000000000000   1.000000000000000   1.000000000000000   
0.820000000000000   0.819973197918757   0.816497513555437   0.894666666666667   0.893380316526511   0.888318942570541   
0.034000000000000   0.033927203390113   0.034000000000000   0.034000000000000   0.033927203390113   0.034000000000000   
-0.000000000000000   0.053303550322567   0.106378846659342   0.000000000000000   0.058186983971751   0.116124802345106   
1.000000000000000   0.997858923238603   1.000000000000000   1.000000000000000   0.997858923238603   1.000000000000000   
PATCH 74 
2 1 
3 2 
0.000000000000000   0.000000000000000   0.000000000000000   1.000000000000000   1.000000000000000   1.000000000000000   
0.000000000000000   0.000000000000000   1.000000000000000   1.000000000000000   
0.894666666666667   0.893380316526511   0.888318942570541   0.969333333333333   0.966575791801406   0.959712833084260   
0.034000000000000   0.033927203390113   0.034000000000000   0.034000000000000   0.033927203390113   0.034000000000000   
0.000000000000000   0.058186983971751   0.116124802345106   0.000000000000000   0.063070417620935   0.125870758030870   
1.000000000000000   0.997858923238603   1.000000000000000   1.000000000000000   0.997858923238603   1.000000000000000   
PATCH 75 
2 1 
3 2 
0.000000000000000   0.000000000000000   0.000000000000000   1.000000000000000   1.000000000000000   1.000000000000000   
0.000000000000000   0.000000000000000   1.000000000000000   1.000000000000000   
0.969333333333333   0.966575791801406   0.959712833084260   1.044000000000000   1.039559513626999   1.030678281074730   
0.034000000000000   0.033927203390113   0.034000000000000   0.034000000000000   0.033927203390113   0.034000000000000   
0.000000000000000   0.063070417620935   0.125870758030870   0.000000000000000   0.067953851270119   0.135616713716634   
1.000000000000000   0.997858923238603   1.000000000000000   1.000000000000000   0.997858923238603   1.000000000000000   
PATCH 76 
2 1 
3 2 
0.000000000000000   0.000000000000000   0.000000000000000   1.000000000000000   1.000000000000000   1.000000000000000   
0.000000000000000   0.000000000000000   1.000000000000000   1.000000000000000   
0.816497513555437   0.809565008884898   0.799268837796452   0.816497513555437   0.809565008884898   0.799268837796452   
-0.032000000000000   -0.031931485543635   -0.032000000000000   0.034000000000000   0.033927203390113   0.034000000000000   
0.106378846659342   0.158998612443145   0.210937521758554   0.106378846659342   0.158998612443145   0.210937521758554   
1.000000000000000   0.997858923238603   1.000000000000000   1.000000000000000   0.997858923238603   1.000000000000000   
PATCH 77 
1 2 
2 3 
0.000000000000000   0.000000000000000   1.000000000000000   1.000000000000000   
0.000000000000000   0.000000000000000   0.000000000000000   1.000000000000000   1.000000000000000   1.000000000000000   
0.816497513555437   0.888318942570541   0.809565008884898   0.879469417822789   0.799268837796452   0.866920765316682   
-0.032000000000000   -0.032000000000000   -0.031931485543635   -0.031931485543635   -0.032000000000000   -0.032000000000000   
0.106378846659342   0.116124802345106   0.158998612443145   0.173565356487015   0.210937521758554   0.230262677126209   
1.000000000000000   1.000000000000000   0.997858923238603   0.997858923238603   1.000000000000000   1.000000000000000   
PATCH 78 
1 2 
2 3 
0.000000000000000   0.000000000000000   1.000000000000000   1.000000000000000   
0.000000000000000   0.000000000000000   0.000000000000000   1.000000000000000   1.000000000000000   1.000000000000000   
0.888318942570541   0.959712833084260   0.879469417822789   0.948721638198490   0.866920765316682   0.933682066981655   
-0.032000000000000   -0.032000000000000   -0.031931485543635   -0.031931485543635   -0.032000000000000   -0.032000000000000   
0.116124802345106   0.125870758030870   0.173565356487015   0.188132100530886   0.230262677126209   0.249587832493864   
1.000000000000000   1.000000000000000   0.997858923238603   0.997858923238603   1.000000000000000   1.000000000000000   
PATCH 79 
1 2 
2 3 
0.000000000000000   0.000000000000000   1.000000000000000   1.000000000000000   
0.000000000000000   0.000000000000000   0.000000000000000   1.000000000000000   1.000000000000000   1.000000000000000   
0.959712833084260   1.030678281074730   0.948721638198490   1.017318483459999   0.933682066981655   0.999544710222996   
-0.032000000000000   -0.032000000000000   -0.031931485543635   -0.031931485543635   -0.032000000000000   -0.032000000000000   
0.125870758030870   0.135616713716634   0.188132100530886   0.202698844574757   0.249587832493864   0.268912987861519   
1.000000000000000   1.000000000000000   0.997858923238603   0.997858923238603   1.000000000000000   1.000000000000000   
PATCH 80 
1 2 
2 3 
0.000000000000000   0.000000000000000   1.000000000000000   1.000000000000000   
0.000000000000000   0.000000000000000   0.000000000000000   1.000000000000000   1.000000000000000   1.000000000000000   
1.030678281074730   1.030678281074730   1.017318483459999   1.017318483459999   0.999544710222996   0.999544710222996   
-0.032000000000000   0.034000000000000   -0.031931485543635   0.033927203390113   -0.032000000000000   0.034000000000000   
0.135616713716634   0.135616713716634   0.202698844574757   0.202698844574757   0.268912987861519   0.268912987861519   
1.000000000000000   1.000000000000000   0.997858923238603   0.997858923238603   1.000000000000000   1.000000000000000   
PATCH 81 
2 1 
3 2 
0.000000000000000   0.000000000000000   0.000000000000000   1.000000000000000   1.000000000000000   1.000000000000000   
0.000000000000000   0.000000000000000   1.000000000000000   1.000000000000000   
0.816497513555437   0.809565008884898   0.799268837796452   0.888318942570541   0.879469417822789   0.866920765316682   
0.034000000000000   0.033927203390113   0.034000000000000   0.034000000000000   0.033927203390113   0.034000000000000   
0.106378846659342   0.158998612443145   0.210937521758554   0.116124802345106   0.173565356487015   0.230262677126209   
1.000000000000000   0.997858923238603   1.000000000000000   1.000000000000000   0.997858923238603   1.000000000000000   
PATCH 82 
2 1 
3 2 
0.000000000000000   0.000000000000000   0.000000000000000   1.000000000000000   1.000000000000000   1.000000000000000   
0.000000000000000   0.000000000000000   1.000000000000000   1.000000000000000   
0.888318942570541   0.879469417822789   0.866920765316682   0.959712833084260   0.948721638198490   0.933682066981655   
0.034000000000000   0.033927203390113   0.034000000000000   0.034000000000000   0.033927203390113   0.034000000000000   
0.116124802345106   0.173565356487015   0.230262677126209   0.125870758030870   0.188132100530886   0.249587832493864   
1.000000000000000   0.997858923238603   1.000000000000000   1.000000000000000   0.997858923238603   1.000000000000000   
PATCH 83 
2 1 
3 2 
0.000000000000000   0.000000000000000   0.000000000000000   1.000000000000000   1.000000000000000   1.000000000000000   
0.000000000000000   0.000000000000000   1.000000000000000   1.000000000000000   
0.959712833084260   0.948721638198490   0.933682066981655   1.030678281074730   1.017318483459999   0.999544710222996   
0.034000000000000   0.033927203390113   0.034000000000000   0.034000000000000   0.033927203390113   0.034000000000000   
0.125870758030870   0.188132100530886   0.249587832493864   0.135616713716634   0.202698844574757   0.268912987861519   
1.000000000000000   0.997858923238603   1.000000000000000   1.000000000000000   0.997858923238603   1.000000000000000   
PATCH 84 
2 1 
3 2 
0.000000000000000   0.000000000000000   0.000000000000000   1.000000000000000   1.000000000000000   1.000000000000000   
0.000000000000000   0.000000000000000   1.000000000000000   1.000000000000000   
0.799268837796452   0.785632153491837   0.768779572019112   0.799268837796452   0.785632153491837   0.768779572019112   
-0.032000000000000   -0.031931485543635   -0.032000000000000   0.034000000000000   0.033927203390113   0.034000000000000   
0.210937521758554   0.261973164222077   0.311886997377548   0.210937521758554   0.261973164222077   0.311886997377548   
1.000000000000000   0.997858923238603   1.000000000000000   1.000000000000000   0.997858923238603   1.000000000000000   
PATCH 85 
1 2 
2 3 
0.000000000000000   0.000000000000000   1.000000000000000   1.000000000000000   
0.000000000000000   0.000000000000000   0.000000000000000   1.000000000000000   1.000000000000000   1.000000000000000   
0.799268837796452   0.866920765316682   0.785632153491837   0.850692891963405   0.768779572019112   0.830907862572408   
-0.032000000000000   -0.032000000000000   -0.031931485543635   -0.031931485543635   -0.032000000000000   -0.032000000000000   
0.210937521758554   0.230262677126209   0.261973164222077   0.285973977631379   0.311886997377548   0.340460693660808   
1.000000000000000   1.000000000000000   0.997858923238603   0.997858923238603   1.000000000000000   1.000000000000000   
PATCH 86 
1 2 
2 3 
0.000000000000000   0.000000000000000   1.000000000000000   1.000000000000000   
0.000000000000000   0.000000000000000   0.000000000000000   1.000000000000000   1.000000000000000   1.000000000000000   
0.866920765316682   0.933682066981655   0.850692891963405   0.914604882212608   0.830907862572408   0.891602398400672   
-0.032000000000000   -0.032000000000000   -0.031931485543635   -0.031931485543635   -0.032000000000000   -0.032000000000000   
0.230262677126209   0.249587832493864   0.285973977631379   0.309974791040682   0.340460693660808   0.369034389944068   
1.000000000000000   1.000000000000000   0.997858923238603   0.997858923238603   1.000000000000000   1.000000000000000   
PATCH 87 
1 2 
2 3 
0.000000000000000   0.000000000000000   1.000000000000000   1.000000000000000   
0.000000000000000   0.000000000000000   0.000000000000000   1.000000000000000   1.000000000000000   1.000000000000000   
0.933682066981655   0.999544710222996   0.914604882212608   0.977351123434299   0.891602398400672   0.950830707938615   
-0.032000000000000   -0.032000000000000   -0.031931485543635   -0.031931485543635   -0.032000000000000   -0.032000000000000   
0.249587832493864   0.268912987861519   0.309974791040682   0.333975604449985   0.369034389944068   0.397608086227328   
1.000000000000000   1.000000000000000   0.997858923238603   0.997858923238603   1.000000000000000   1.000000000000000   
PATCH 88 
1 2 
2 3 
0.000000000000000   0.000000000000000   1.000000000000000   1.000000000000000   
0.000000000000000   0.000000000000000   0.000000000000000   1.000000000000000   1.000000000000000   1.000000000000000   
0.999544710222996   0.999544710222996   0.977351123434299   0.977351123434299   0.950830707938615   0.950830707938615   
-0.032000000000000   0.034000000000000   -0.031931485543635   0.033927203390113   -0.032000000000000   0.034000000000000   
0.268912987861519   0.268912987861519   0.333975604449985   0.333975604449985   0.397608086227328   0.397608086227328   
1.000000000000000   1.000000000000000   0.997858923238603   0.997858923238603   1.000000000000000   1.000000000000000   
PATCH 89 
2 1 
3 2 
0.000000000000000   0.000000000000000   0.000000000000000   1.000000000000000   1.000000000000000   1.000000000000000   
0.000000000000000   0.000000000000000   1.000000000000000   1.000000000000000   
0.799268837796452   0.785632153491837   0.768779572019112   0.866920765316682   0.850692891963405   0.830907862572408   
0.034000000000000   0.033927203390113   0.034000000000000   0.034000000000000   0.033927203390113   0.034000000000000   
0.210937521758554   0.261973164222077   0.311886997377548   0.230262677126209   0.285973977631379   0.340460693660808   
1.000000000000000   0.997858923238603   1.000000000000000   1.000000000000000   0.997858923238603   1.000000000000000   
PATCH 90 
2 1 
3 2 
0.000000000000000   0.000000000000000   0.000000000000000   1.000000000000000   1.000000000000000   1.000000000000000   
0.000000000000000   0.000000000000000   1.000000000000000   1.000000000000000   
0.866920765316682   0.850692891963405   0.830907862572408   0.933682066981655   0.914604882212608   0.891602398400672   
0.034000000000000   0.033927203390113   0.034000000000000   0.034000000000000   0.033927203390113   0.034000000000000   
0.230262677126209   0.285973977631379   0.340460693660808   0.249587832493864   0.309974791040682   0.369034389944068   
1.000000000000000   0.997858923238603   1.000000000000000   1.000000000000000   0.997858923238603   1.000000000000000   
PATCH 91 
2 1 
3 2 
0.000000000000000   0.000000000000000   0.000000000000000   1.000000000000000   1.000000000000000   1.000000000000000   
0.000000000000000   0.000000000000000   1.000000000000000   1.000000000000000   
0.933682066981655   0.914604882212608   0.891602398400672   0.999544710222996   0.977351123434299   0.950830707938615   
0.034000000000000   0.033927203390113   0.034000000000000   0.034000000000000   0.033927203390113   0.034000000000000   
0.249587832493864   0.309974791040682   0.369034389944068   0.268912987861519   0.333975604449985   0.397608086227328   
1.000000000000000   0.997858923238603   1.000000000000000   1.000000000000000   0.997858923238603   1.000000000000000   
PATCH 92 
2 1 
3 2 
0.000000000000000   0.000000000000000   0.000000000000000   1.000000000000000   1.000000000000000   1.000000000000000   
0.000000000000000   0.000000000000000   1.000000000000000   1.000000000000000   
0.768779572019112   0.759161191870755   0.748776773535093   0.768779572019112   0.759161191870755   0.748776773535093   
-0.032000000000000   -0.031982866799244   -0.032000000000000   0.034000000000000   0.033981795974196   0.034000000000000   
0.311886997377548   0.336356229290582   0.360465282528486   0.311886997377548   0.336356229290582   0.360465282528486   
1.000000000000000   0.999464587476366   1.000000000000000   1.000000000000000   0.999464587476366   1.000000000000000   
PATCH 93 
1 2 
2 3 
0.000000000000000   0.000000000000000   1.000000000000000   1.000000000000000   
0.000000000000000   0.000000000000000   0.000000000000000   1.000000000000000   1.000000000000000   1.000000000000000   
0.768779572019112   0.830907862572408   0.759161191870755   0.819694628619610   0.748776773535093   0.807629294262862   
-0.032000000000000   -0.032000000000000   -0.031982866799244   -0.031982866799244   -0.032000000000000   -0.032000000000000   
0.311886997377548   0.340460693660808   0.336356229290582   0.367171687515976   0.360465282528486   0.393489504731505   
1.000000000000000   1.000000000000000   0.999464587476366   0.999464587476366   1.000000000000000   1.000000000000000   
PATCH 94 
1 2 
2 3 
0.000000000000000   0.000000000000000   1.000000000000000   1.000000000000000   
0.000000000000000   0.000000000000000   0.000000000000000   1.000000000000000   1.000000000000000   1.000000000000000   
0.830907862572408   0.891602398400672   0.819694628619610   0.878638978569582   0.807629294262862   0.864727074665851   
-0.032000000000000   -0.032000000000000   -0.031982866799244   -0.031982866799244   -0.032000000000000   -0.032000000000000   
0.340460693660808   0.369034389944068   0.367171687515976   0.397987145741371   0.393489504731505   0.426513726934523   
1.000000000000000   1.000000000000000   0.999464587476366   0.999464587476366   1.000000000000000   1.000000000000000   
PATCH 95 
1 2 
2 3 
0.000000000000000   0.000000000000000   1.000000000000000   1.000000000000000   
0.000000000000000   0.000000000000000   0.000000000000000   1.000000000000000   1.000000000000000   1.000000000000000   
0.891602398400672   0.950830707938615   0.878638978569582   0.935950495921106   0.864727074665851   0.920011901831324   
-0.032000000000000   -0.032000000000000   -0.031982866799244   -0.031982866799244   -0.032000000000000   -0.032000000000000   
0.369034389944068   0.397608086227328   0.397987145741371   0.428802603966766   0.426513726934523   0.459537949137542   
1.000000000000000   1.000000000000000   0.999464587476366   0.999464587476366   1.000000000000000   1.000000000000000   
PATCH 96 
1 2 
2 3 
0.000000000000000   0.000000000000000   1.000000000000000   1.000000000000000   
0.000000000000000   0.000000000000000   0.000000000000000   1.000000000000000   1.000000000000000   1.000000000000000   
0.950830707938615   0.950830707938615   0.935950495921106   0.935950495921106   0.920011901831324   0.920011901831324   
-0.032000000000000   0.034000000000000   -0.031982866799244   0.033981795974196   -0.032000000000000   0.034000000000000   
0.397608086227328   0.397608086227328   0.428802603966766   0.428802603966766   0.459537949137542   0.459537949137542   
1.000000000000000   1.000000000000000   0.999464587476366   0.999464587476366   1.000000000000000   1.000000000000000   
PATCH 97 
2 1 
3 2 
0.000000000000000   0.000000000000000   0.000000000000000   1.000000000000000   1.000000000000000   1.000000000000000   
0.000000000000000   0.000000000000000   1.000000000000000   1.000000000000000   
0.768779572019112   0.759161191870755   0.748776773535093   0.830907862572408   0.819694628619610   0.807629294262862   
0.034000000000000   0.033981795974196   0.034000000000000   0.034000000000000   0.033981795974196   0.034000000000000   
0.311886997377548   0.336356229290582   0.360465282528486   0.340460693660808   0.367171687515976   0.393489504731505   
1.000000000000000   0.999464587476366   1.000000000000000   1.000000000000000   0.999464587476366   1.000000000000000   
PATCH 98 
2 1 
3 2 
0.000000000000000   0.000000000000000   0.000000000000000   1.000000000000000   1.000000000000000   1.000000000000000   
0.000000000000000   0.000000000000000   1.000000000000000   1.000000000000000   
0.830907862572408   0.819694628619610   0.807629294262862   0.891602398400672   0.878638978569582   0.864727074665851   
0.034000000000000   0.033981795974196   0.034000000000000   0.034000000000000   0.033981795974196   0.034000000000000   
0.340460693660808   0.367171687515976   0.393489504731505   0.369034389944068   0.397987145741371   0.426513726934523   
1.000000000000000   0.999464587476366   1.000000000000000   1.000000000000000   0.999464587476366   1.000000000000000   
PATCH 99 
2 1 
3 2 
0.000000000000000   0.000000000000000   0.000000000000000   1.000000000000000   1.000000000000000   1.000000000000000   
0.000000000000000   0.000000000000000   1.000000000000000   1.000000000000000   
0.891602398400672   0.878638978569582   0.864727074665851   0.950830707938615   0.935950495921106   0.920011901831324   
0.034000000000000   0.033981795974196   0.034000000000000   0.034000000000000   0.033981795974196   0.034000000000000   
0.369034389944068   0.397987145741371   0.426513726934523   0.397608086227328   0.428802603966766   0.459537949137542   
1.000000000000000   0.999464587476366   1.000000000000000   1.000000000000000   0.999464587476366   1.000000000000000   
PATCH 100 
2 1 
3 2 
0.000000000000000   0.000000000000000   0.000000000000000   1.000000000000000   1.000000000000000   1.000000000000000   
0.000000000000000   0.000000000000000   1.000000000000000   1.000000000000000   
0.748776773535093   0.737630368184660   0.725748473016235   0.748776773535093   0.737630368184660   0.725748473016235   
-0.032000000000000   -0.031982866799244   -0.032000000000000   0.034000000000000   0.033981795974196   0.034000000000000   
0.360465282528486   0.384188340513188   0.407500000000000   0.360465282528486   0.384188340513188   0.407500000000000   
1.000000000000000   0.999464587476366   1.000000000000000   1.000000000000000   0.999464587476366   1.000000000000000   
PATCH 101 
1 2 
2 3 
0.000000000000000   0.000000000000000   1.000000000000000   1.000000000000000   
0.000000000000000   0.000000000000000   0.000000000000000   1.000000000000000   1.000000000000000   1.000000000000000   
0.748776773535093   0.807629294262862   0.737630368184660   0.794715692520609   0.725748473016235   0.780980104527103   
-0.032000000000000   -0.032000000000000   -0.031982866799244   -0.031982866799244   -0.032000000000000   -0.032000000000000   
0.360465282528486   0.393489504731505   0.384188340513188   0.419385963529529   0.407500000000000   0.444833333333333   
1.000000000000000   1.000000000000000   0.999464587476366   0.999464587476366   1.000000000000000   1.000000000000000   
PATCH 102 
1 2 
2 3 
0.000000000000000   0.000000000000000   1.000000000000000   1.000000000000000   
0.000000000000000   0.000000000000000   0.000000000000000   1.000000000000000   1.000000000000000   1.000000000000000   
0.807629294262862   0.864727074665850   0.794715692520609   0.849868730431671   0.780980104527103   0.834361677616635   
-0.032000000000000   -0.032000000000000   -0.031982866799244   -0.031982866799244   -0.032000000000000   -0.032000000000000   
0.393489504731505   0.426513726934524   0.419385963529529   0.454583586545870   0.444833333333333   0.482166666666667   
1.000000000000000   1.000000000000000   0.999464587476366   0.999464587476366   1.000000000000000   1.000000000000000   
PATCH 103 
1 2 
2 3 
0.000000000000000   0.000000000000000   1.000000000000000   1.000000000000000   
0.000000000000000   0.000000000000000   0.000000000000000   1.000000000000000   1.000000000000000   1.000000000000000   
0.864727074665850   0.920011901831324   0.849868730431671   0.904073115218129   0.834361677616635   0.887473934233556   
-0.032000000000000   -0.032000000000000   -0.031982866799244   -0.031982866799244   -0.032000000000000   -0.032000000000000   
0.426513726934524   0.459537949137542   0.454583586545870   0.489781209562212   0.482166666666667   0.519500000000000   
1.000000000000000   1.000000000000000   0.999464587476366   0.999464587476366   1.000000000000000   1.000000000000000   
PATCH 104 
1 2 
2 3 
0.000000000000000   0.000000000000000   1.000000000000000   1.000000000000000   
0.000000000000000   0.000000000000000   0.000000000000000   1.000000000000000   1.000000000000000   1.000000000000000   
0.920011901831324   0.920011901831324   0.904073115218129   0.904073115218129   0.887473934233556   0.887473934233556   
-0.032000000000000   0.034000000000000   -0.031982866799244   0.033981795974196   -0.032000000000000   0.034000000000000   
0.459537949137542   0.459537949137542   0.489781209562212   0.489781209562212   0.519500000000000   0.519500000000000   
1.000000000000000   1.000000000000000   0.999464587476366   0.999464587476366   1.000000000000000   1.000000000000000   
PATCH 105 
2 1 
3 2 
0.000000000000000   0.000000000000000   0.000000000000000   1.000000000000000   1.000000000000000   1.000000000000000   
0.000000000000000   0.000000000000000   1.000000000000000   1.000000000000000   
0.748776773535093   0.737630368184660   0.725748473016235   0.807629294262862   0.794715692520609   0.780980104527103   
0.034000000000000   0.033981795974196   0.034000000000000   0.034000000000000   0.033981795974196   0.034000000000000   
0.360465282528486   0.384188340513188   0.407500000000000   0.393489504731505   0.419385963529529   0.444833333333333   
1.000000000000000   0.999464587476366   1.000000000000000   1.000000000000000   0.999464587476366   1.000000000000000   
PATCH 106 
2 1 
3 2 
0.000000000000000   0.000000000000000   0.000000000000000   1.000000000000000   1.000000000000000   1.000000000000000   
0.000000000000000   0.000000000000000   1.000000000000000   1.000000000000000   
0.807629294262862   0.794715692520609   0.780980104527103   0.864727074665850   0.849868730431671   0.834361677616635   
0.034000000000000   0.033981795974196   0.034000000000000   0.034000000000000   0.033981795974196   0.034000000000000   
0.393489504731505   0.419385963529529   0.444833333333333   0.426513726934524   0.454583586545870   0.482166666666667   
1.000000000000000   0.999464587476366   1.000000000000000   1.000000000000000   0.999464587476366   1.000000000000000   
PATCH 107 
2 1 
3 2 
0.000000000000000   0.000000000000000   0.000000000000000   1.000000000000000   1.000000000000000   1.000000000000000   
0.000000000000000   0.000000000000000   1.000000000000000   1.000000000000000   
0.864727074665850   0.849868730431671   0.834361677616635   0.920011901831324   0.904073115218129   0.887473934233556   
0.034000000000000   0.033981795974196   0.034000000000000   0.034000000000000   0.033981795974196   0.034000000000000   
0.426513726934524   0.454583586545870   0.482166666666667   0.459537949137542   0.489781209562212   0.519500000000000   
1.000000000000000   0.999464587476366   1.000000000000000   1.000000000000000   0.999464587476366   1.000000000000000   
PATCH 108 
1 1 
2 2 
0.000000000000000   0.000000000000000   1.000000000000000   1.000000000000000   
0.000000000000000   0.000000000000000   1.000000000000000   1.000000000000000   
0.887473934233556   0.841213743914737   0.834361677616635   0.782712884785380   
-0.032000000000000   -0.032000000000000   -0.032000000000000   -0.032000000000000   
0.519500000000000   0.599625000000000   0.482166666666667   0.571625000000000   
1.000000000000000   1.000000000000000   1.000000000000000   1.000000000000000   
PATCH 109 
1 1 
2 2 
0.000000000000000   0.000000000000000   1.000000000000000   1.000000000000000   
0.000000000000000   0.000000000000000   1.000000000000000   1.000000000000000   
0.834361677616635   0.782712884785380   0.780980104527103   0.724212025656023   
-0.032000000000000   -0.032000000000000   -0.032000000000000   -0.032000000000000   
0.482166666666667   0.571625000000000   0.444833333333333   0.543625000000000   
1.000000000000000   1.000000000000000   1.000000000000000   1.000000000000000   
PATCH 110 
1 1 
2 2 
0.000000000000000   0.000000000000000   1.000000000000000   1.000000000000000   
0.000000000000000   0.000000000000000   1.000000000000000   1.000000000000000   
0.780980104527103   0.724212025656023   0.725748473016235   0.665711166526666   
-0.032000000000000   -0.032000000000000   -0.032000000000000   -0.032000000000000   
0.444833333333333   0.543625000000000   0.407500000000000   0.515625000000000   
1.000000000000000   1.000000000000000   1.000000000000000   1.000000000000000   
PATCH 111 
1 1 
2 2 
0.000000000000000   0.000000000000000   1.000000000000000   1.000000000000000   
0.000000000000000   0.000000000000000   1.000000000000000   1.000000000000000   
0.725748473016235   0.665711166526666   0.725748473016235   0.665711166526666   
-0.032000000000000   -0.032000000000000   0.034000000000000   0.034000000000000   
0.407500000000000   0.515625000000000   0.407500000000000   0.515625000000000   
1.000000000000000   1.000000000000000   1.000000000000000   1.000000000000000   
PATCH 112 
1 1 
2 2 
0.000000000000000   0.000000000000000   1.000000000000000   1.000000000000000   
0.000000000000000   0.000000000000000   1.000000000000000   1.000000000000000   
0.725748473016235   0.665711166526666   0.780980104527103   0.724212025656023   
0.034000000000000   0.034000000000000   0.034000000000000   0.034000000000000   
0.407500000000000   0.515625000000000   0.444833333333333   0.543625000000000   
1.000000000000000   1.000000000000000   1.000000000000000   1.000000000000000   
PATCH 113 
1 1 
2 2 
0.000000000000000   0.000000000000000   1.000000000000000   1.000000000000000   
0.000000000000000   0.000000000000000   1.000000000000000   1.000000000000000   
0.780980104527103   0.724212025656023   0.834361677616635   0.782712884785380   
0.034000000000000   0.034000000000000   0.034000000000000   0.034000000000000   
0.444833333333333   0.543625000000000   0.482166666666667   0.571625000000000   
1.000000000000000   1.000000000000000   1.000000000000000   1.000000000000000   
PATCH 114 
1 1 
2 2 
0.000000000000000   0.000000000000000   1.000000000000000   1.000000000000000   
0.000000000000000   0.000000000000000   1.000000000000000   1.000000000000000   
0.834361677616635   0.782712884785380   0.887473934233556   0.841213743914737   
0.034000000000000   0.034000000000000   0.034000000000000   0.034000000000000   
0.482166666666667   0.571625000000000   0.519500000000000   0.599625000000000   
1.000000000000000   1.000000000000000   1.000000000000000   1.000000000000000   
PATCH 115 
1 1 
2 2 
0.000000000000000   0.000000000000000   1.000000000000000   1.000000000000000   
0.000000000000000   0.000000000000000   1.000000000000000   1.000000000000000   
0.887473934233556   0.887473934233556   0.841213743914737   0.841213743914737   
-0.032000000000000   0.034000000000000   -0.032000000000000   0.034000000000000   
0.519500000000000   0.519500000000000   0.599625000000000   0.599625000000000   
1.000000000000000   1.000000000000000   1.000000000000000   1.000000000000000   
PATCH 116 
1 1 
2 2 
0.000000000000000   0.000000000000000   1.000000000000000   1.000000000000000   
0.000000000000000   0.000000000000000   1.000000000000000   1.000000000000000   
0.841213743914737   0.794953553595918   0.782712884785380   0.731064091954125   
-0.032000000000000   -0.032000000000000   -0.032000000000000   -0.032000000000000   
0.599625000000000   0.679750000000000   0.571625000000000   0.661083333333333   
1.000000000000000   1.000000000000000   1.000000000000000   1.000000000000000   
PATCH 117 
1 1 
2 2 
0.000000000000000   0.000000000000000   1.000000000000000   1.000000000000000   
0.000000000000000   0.000000000000000   1.000000000000000   1.000000000000000   
0.782712884785380   0.731064091954125   0.724212025656023   0.667174630312331   
-0.032000000000000   -0.032000000000000   -0.032000000000000   -0.032000000000000   
0.571625000000000   0.661083333333333   0.543625000000000   0.642416666666667   
1.000000000000000   1.000000000000000   1.000000000000000   1.000000000000000   
PATCH 118 
1 1 
2 2 
0.000000000000000   0.000000000000000   1.000000000000000   1.000000000000000   
0.000000000000000   0.000000000000000   1.000000000000000   1.000000000000000   
0.724212025656023   0.667174630312331   0.665711166526666   0.603285168670537   
-0.032000000000000   -0.032000000000000   -0.032000000000000   -0.032000000000000   
0.543625000000000   0.642416666666667   0.515625000000000   0.623750000000000   
1.000000000000000   1.000000000000000   1.000000000000000   1.000000000000000   
PATCH 119 
1 1 
2 2 
0.000000000000000   0.000000000000000   1.000000000000000   1.000000000000000   
0.000000000000000   0.000000000000000   1.000000000000000   1.000000000000000   
0.665711166526666   0.603285168670537   0.665711166526666   0.603285168670537   
-0.032000000000000   -0.032000000000000   0.034000000000000   0.034000000000000   
0.515625000000000   0.623750000000000   0.515625000000000   0.623750000000000   
1.000000000000000   1.000000000000000   1.000000000000000   1.000000000000000   
PATCH 120 
1 1 
2 2 
0.000000000000000   0.000000000000000   1.000000000000000   1.000000000000000   
0.000000000000000   0.000000000000000   1.000000000000000   1.000000000000000   
0.665711166526666   0.603285168670537   0.724212025656023   0.667174630312331   
0.034000000000000   0.034000000000000   0.034000000000000   0.034000000000000   
0.515625000000000   0.623750000000000   0.543625000000000   0.642416666666667   
1.000000000000000   1.000000000000000   1.000000000000000   1.000000000000000   
PATCH 121 
1 1 
2 2 
0.000000000000000   0.000000000000000   1.000000000000000   1.000000000000000   
0.000000000000000   0.000000000000000   1.000000000000000   1.000000000000000   
0.724212025656023   0.667174630312331   0.782712884785380   0.731064091954125   
0.034000000000000   0.034000000000000   0.034000000000000   0.034000000000000   
0.543625000000000   0.642416666666667   0.571625000000000   0.661083333333333   
1.000000000000000   1.000000000000000   1.000000000000000   1.000000000000000   
PATCH 122 
1 1 
2 2 
0.000000000000000   0.000000000000000   1.000000000000000   1.000000000000000   
0.000000000000000   0.000000000000000   1.000000000000000   1.000000000000000   
0.782712884785380   0.731064091954125   0.841213743914737   0.794953553595918   
0.034000000000000   0.034000000000000   0.034000000000000   0.034000000000000   
0.571625000000000   0.661083333333333   0.599625000000000   0.679750000000000   
1.000000000000000   1.000000000000000   1.000000000000000   1.000000000000000   
PATCH 123 
1 1 
2 2 
0.000000000000000   0.000000000000000   1.000000000000000   1.000000000000000   
0.000000000000000   0.000000000000000   1.000000000000000   1.000000000000000   
0.841213743914737   0.841213743914737   0.794953553595918   0.794953553595918   
-0.032000000000000   0.034000000000000   -0.032000000000000   0.034000000000000   
0.599625000000000   0.599625000000000   0.679750000000000   0.679750000000000   
1.000000000000000   1.000000000000000   1.000000000000000   1.000000000000000   
PATCH 124 
1 1 
2 2 
0.000000000000000   0.000000000000000   1.000000000000000   1.000000000000000   
0.000000000000000   0.000000000000000   1.000000000000000   1.000000000000000   
0.794953553595918   0.702433172958281   0.731064091954125   0.627766506291614   
-0.032000000000000   -0.032000000000000   -0.032000000000000   -0.032000000000000   
0.679750000000000   0.840000000000000   0.661083333333333   0.840000000000000   
1.000000000000000   1.000000000000000   1.000000000000000   1.000000000000000   
PATCH 125 
1 1 
2 2 
0.000000000000000   0.000000000000000   1.000000000000000   1.000000000000000   
0.000000000000000   0.000000000000000   1.000000000000000   1.000000000000000   
0.731064091954125   0.627766506291614   0.667174630312331   0.553099839624947   
-0.032000000000000   -0.032000000000000   -0.032000000000000   -0.032000000000000   
0.661083333333333   0.840000000000000   0.642416666666667   0.840000000000000   
1.000000000000000   1.000000000000000   1.000000000000000   1.000000000000000   
PATCH 126 
1 1 
2 2 
0.000000000000000   0.000000000000000   1.000000000000000   1.000000000000000   
0.000000000000000   0.000000000000000   1.000000000000000   1.000000000000000   
0.667174630312331   0.553099839624947   0.603285168670537   0.478433172958281   
-0.032000000000000   -0.032000000000000   -0.032000000000000   -0.032000000000000   
0.642416666666667   0.840000000000000   0.623750000000000   0.840000000000000   
1.000000000000000   1.000000000000000   1.000000000000000   1.000000000000000   
PATCH 127 
1 1 
2 2 
0.000000000000000   0.000000000000000   1.000000000000000   1.000000000000000   
0.000000000000000   0.000000000000000   1.000000000000000   1.000000000000000   
0.603285168670537   0.478433172958281   0.603285168670537   0.478433172958281   
-0.032000000000000   -0.032000000000000   0.034000000000000   0.034000000000000   
0.623750000000000   0.840000000000000   0.623750000000000   0.840000000000000   
1.000000000000000   1.000000000000000   1.000000000000000   1.000000000000000   
PATCH 128 
1 1 
2 2 
0.000000000000000   0.000000000000000   1.000000000000000   1.000000000000000   
0.000000000000000   0.000000000000000   1.000000000000000   1.000000000000000   
0.603285168670537   0.478433172958281   0.667174630312331   0.553099839624947   
0.034000000000000   0.034000000000000   0.034000000000000   0.034000000000000   
0.623750000000000   0.840000000000000   0.642416666666667   0.840000000000000   
1.000000000000000   1.000000000000000   1.000000000000000   1.000000000000000   
PATCH 129 
1 1 
2 2 
0.000000000000000   0.000000000000000   1.000000000000000   1.000000000000000   
0.000000000000000   0.000000000000000   1.000000000000000   1.000000000000000   
0.667174630312331   0.553099839624947   0.731064091954125   0.627766506291614   
0.034000000000000   0.034000000000000   0.034000000000000   0.034000000000000   
0.642416666666667   0.840000000000000   0.661083333333333   0.840000000000000   
1.000000000000000   1.000000000000000   1.000000000000000   1.000000000000000   
PATCH 130 
1 1 
2 2 
0.000000000000000   0.000000000000000   1.000000000000000   1.000000000000000   
0.000000000000000   0.000000000000000   1.000000000000000   1.000000000000000   
0.731064091954125   0.627766506291614   0.794953553595918   0.702433172958281   
0.034000000000000   0.034000000000000   0.034000000000000   0.034000000000000   
0.661083333333333   0.840000000000000   0.679750000000000   0.840000000000000   
1.000000000000000   1.000000000000000   1.000000000000000   1.000000000000000   
PATCH 131 
1 1 
2 2 
0.000000000000000   0.000000000000000   1.000000000000000   1.000000000000000   
0.000000000000000   0.000000000000000   1.000000000000000   1.000000000000000   
0.794953553595918   0.794953553595918   0.702433172958281   0.702433172958281   
-0.032000000000000   0.034000000000000   -0.032000000000000   0.034000000000000   
0.679750000000000   0.679750000000000   0.840000000000000   0.840000000000000   
1.000000000000000   1.000000000000000   1.000000000000000   1.000000000000000   
PATCH 132 
1 1 
2 2 
0.000000000000000   0.000000000000000   1.000000000000000   1.000000000000000   
0.000000000000000   0.000000000000000   1.000000000000000   1.000000000000000   
0.702433172958281   0.702433172958281   0.627766506291614   0.627766506291614   
-0.032000000000000   0.034000000000000   -0.032000000000000   0.034000000000000   
0.840000000000000   0.840000000000000   0.840000000000000   0.840000000000000   
1.000000000000000   1.000000000000000   1.000000000000000   1.000000000000000   
PATCH 133 
1 1 
2 2 
0.000000000000000   0.000000000000000   1.000000000000000   1.000000000000000   
0.000000000000000   0.000000000000000   1.000000000000000   1.000000000000000   
0.627766506291614   0.627766506291614   0.553099839624947   0.553099839624947   
-0.032000000000000   0.034000000000000   -0.032000000000000   0.034000000000000   
0.840000000000000   0.840000000000000   0.840000000000000   0.840000000000000   
1.000000000000000   1.000000000000000   1.000000000000000   1.000000000000000   
PATCH 134 
1 1 
2 2 
0.000000000000000   0.000000000000000   1.000000000000000   1.000000000000000   
0.000000000000000   0.000000000000000   1.000000000000000   1.000000000000000   
0.553099839624947   0.553099839624947   0.478433172958281   0.478433172958281   
-0.032000000000000   0.034000000000000   -0.032000000000000   0.034000000000000   
0.840000000000000   0.840000000000000   0.840000000000000   0.840000000000000   
1.000000000000000   1.000000000000000   1.000000000000000   1.000000000000000   
